26
0 5 13 -3 -14 -7 -19 0 -19 6 12 -14 -14 -14 -15 -8 -9 19 5 -16 -19 7 -16 14 6 13 29 
19 0 3 7 -20 1 -10 9 12 14 18 -9 -2 20 -20 11 12 5 -19 -3 -7 19 -16 -4 9 1 81 
9 -1 0 -17 -8 3 13 -11 12 8 17 7 19 12 -11 15 8 -16 5 16 -13 3 -15 2 11 7 86 
1 -4 16 0 -7 7 16 10 11 13 -20 6 19 2 -12 6 -9 17 -16 -13 -13 5 -11 -7 -8 -12 -33 
-1 -14 -4 10 0 14 7 14 -12 6 -2 12 15 -19 -4 -10 3 -6 -11 16 10 -12 11 19 -13 -17 -92 
13 -9 -3 16 -1 0 2 18 -6 -8 10 19 19 2 -17 11 5 -6 -18 -18 -4 -7 -1 6 17 12 96 
20 -15 -4 -2 -14 6 0 10 -3 -8 -20 5 -18 -2 7 16 19 15 17 14 7 7 -19 -6 17 -16 -9 
-15 11 19 -8 3 4 20 0 18 -8 -3 -7 16 -2 19 6 -13 13 -15 14 0 10 8 -13 -7 -7 -85 
-13 6 13 3 16 -20 1 -1 0 -8 4 -5 -4 -10 6 7 8 -3 -1 -3 -6 -9 -3 10 9 3 96 
9 6 1 10 -13 -4 -10 -13 -11 0 14 14 10 -10 -14 7 6 13 -17 -15 14 16 0 -6 -6 9 -61 
-12 -16 6 9 3 19 11 13 13 10 0 -11 -14 12 -12 12 -5 18 -20 -11 5 -3 18 14 -9 -19 24 
17 11 -19 10 -2 -8 -17 7 19 1 9 0 13 -19 -1 -1 -18 -8 -13 -3 4 -19 -1 2 -7 -11 11 
19 -17 -20 7 2 13 -9 -7 19 -3 10 -19 0 -3 13 20 -5 19 -17 -13 16 -7 16 2 -6 7 12 
3 -7 -2 2 4 3 -20 15 12 12 -11 7 -1 0 12 -2 1 -2 -10 9 -16 11 16 -17 17 -4 40 
18 7 0 -7 -1 0 -12 -5 -14 14 -14 -7 5 -17 0 15 4 -15 10 -18 19 -12 8 -5 -7 20 -51 
15 11 -11 15 -5 -16 -17 0 6 -9 -16 -10 -7 -16 2 0 8 -3 10 -19 10 0 14 7 -15 -8 59 
6 -18 -10 -1 -4 -11 0 17 16 13 10 13 -12 2 -7 -5 0 2 -18 0 -11 18 -12 -18 -18 13 65 
-3 -11 6 0 1 -17 -10 10 14 -11 -15 -5 -6 2 -15 15 -13 0 -2 10 -11 6 17 19 2 11 -34 
7 13 -4 -11 9 5 -4 15 -5 7 16 -15 4 13 14 -11 17 -4 0 -16 -17 20 -12 8 11 5 -24 
20 15 -5 -2 7 16 13 6 -14 1 2 -14 17 6 4 -12 11 10 -12 0 20 -6 -2 -1 16 1 -71 
15 8 9 2 9 7 -5 -4 16 19 1 4 -17 -8 8 -11 18 -20 12 2 0 -16 -14 -1 -3 -5 -13 
8 14 12 11 10 -5 16 -6 -18 13 -10 3 -8 16 1 -20 -16 18 -17 -1 17 0 17 -2 -12 0 1 
8 -16 19 -19 4 -10 -17 11 -10 6 19 12 -2 5 -16 18 -6 -17 7 19 10 -9 0 17 -11 12 21 
-20 17 8 -2 -2 5 17 -7 9 3 2 14 13 -15 -16 -6 9 -19 3 -4 -11 4 -18 0 13 -14 20 
-17 15 18 -11 -1 -6 -4 3 0 11 6 4 -4 -8 -4 -19 13 5 -16 14 -6 4 9 -18 0 -17 58 
0 -9 -4 -16 12 -6 -15 -10 -1 -17 -17 -17 4 5 -5 13 14 -3 -5 -11 -8 19 15 -16 -16 0 62